111111111111111111111111111111111111111111
100000110000110001111110000111111011111101
111110000110000101100001110000111000110001
100000110111111100001101110110000110000101
101101110111111101101100010100110100110101
100101110001100001101111000001110101100101
110100111101101100131111101111100001101101
110110001100101110101111100111111101100011
110111101110100100001000110011111101011011
110400001110110101100010111040101011011001
111111100000000100111110000010001011011011
100001001011011110040011011111100010011011
101100011011000000111000010101110111010001
101110111011011101111011110001100111400101
101110000011311101111011000101001110110101
100000111011011001110000110100011110110011
111011111010000011100110111111011000111011
100011110000101010001110110301100011111011
101110000101101010110000110101101001110001
101110111101101010110111100100101100000201
100000111101100000110000001110001111110001
111111111111111111111111111111111111111111
